# Directed graph (each unordered pair of nodes is saved once): roadNet-CA.txt 
# California road network
# Nodes: 1965206 Edges: 5533214
# FromNodeId	ToNodeId
0	1
0	2
0	469
1	0
1	6
1	385
2	0
2	3
469	0
469	380
469	37415
6	1
6	5
385	1
385	384
385	386
3	2
3	4
3	419
3	422
4	3
4	5
4	98
4	420
419	3
419	420
419	35698
422	3
422	183
422	423
422	37415
5	4
5	6
5	98
98	4
98	5
98	470
98	35729
420	4
420	419
420	35709
7	8
7	9
7	79
8	7
8	33
9	7
9	10
9	84
79	7
79	78
79	119
33	8
33	32
33	34
10	9
10	11
10	84
10	110
84	9
84	10
84	83
84	85
11	10
11	12
11	110
110	10
110	11
110	111
110	112
12	11
12	13
12	95
12	108
13	12
13	14
13	94
13	95
108	12
108	109
108	113
108	123
95	12
95	13
95	96
14	13
14	15
14	16
14	77
94	13
94	77
94	93
15	14
16	14
16	17
77	14
77	17
77	94
17	16
17	18
17	77
17	3254
18	17
18	19
18	3254
3254	17
3254	18
3254	3255
3254	36971
19	18
19	20
19	23
20	19
20	21
20	22
23	19
23	24
23	25
21	20
22	20
24	23
25	23
25	26
25	27
26	25
27	25
27	28
27	29
28	27
29	27
29	30
29	3255
30	29
30	31
30	3247
30	3253
3255	29
3255	3253
3255	3254
3255	35943
31	30
31	32
31	3246
3247	30
3247	3248
3247	3249
3253	30
3253	3204
3253	3255
3253	35950
32	31
32	33
32	2203
3246	31
3246	2203
3246	3252
3246	3257
2203	32
2203	2146
2203	2204
2203	3246
34	33
35	36
35	50
35	1199
36	35
36	37
36	35885
36	1645159
50	35
50	49
50	185
1199	35
1199	1198
1199	1205
37	36
37	38
37	1641586
35885	36
35885	35884
35885	1645157
1645159	36
1645159	1645156
1645159	1645157
1645159	1648644
38	37
38	39
38	1641586
1641586	37
1641586	38
1641586	1633418
39	38
39	40
39	1641587
40	39
40	41
40	1641577
1641587	39
1641587	1633418
1641587	1641576
1641587	1641606
41	40
41	42
41	1641355
1641577	40
1641577	1641363
1641577	1641576
42	41
42	43
42	1639779
1641355	41
1641355	1628954
1641355	1639780
1641355	1641363
43	42
43	44
43	1639779
1639779	42
1639779	43
1639779	1639780
44	43
44	45
44	1542024
45	44
45	46
45	1154
45	1538392
1542024	44
1542024	1542023
1542024	1639781
46	45
46	47
46	27108
46	27325
1154	45
1154	1153
1154	1155
1538392	45
1538392	1538362
1538392	1538390
1538392	1538391
47	46
47	48
47	27325
27108	46
27108	27107
27108	27250
27325	46
27325	47
27325	27323
27325	27335
48	47
48	49
48	27343
49	48
49	50
49	184
27343	48
27343	27342
27343	35887
27343	39411
184	49
184	185
184	35886
185	50
185	184
185	1198
52	53
52	54
52	4152
53	52
53	54
53	223
53	225
54	52
54	53
54	4120
4152	52
4152	4148
4152	4153
4152	4156
223	53
223	224
223	3937
223	4113
225	53
225	224
225	4114
225	4148
4120	54
4120	3937
4120	4153
4120	4154
55	56
55	57
55	1068
55	1099
56	55
56	76
56	1069
57	55
57	58
57	1071
57	1072
1068	55
1068	1069
1068	1096
1068	1116
1068	36235
1099	55
76	56
76	74
76	1075
1069	56
1069	1068
1069	1116
58	57
58	59
58	1089
58	32419
1072	57
1072	1070
1072	32419
1071	57
1071	1070
1071	1098
1071	1110
59	58
59	60
59	61
59	62
1089	58
1089	62
1089	171
1089	172
32419	58
32419	1072
60	59
61	59
62	59
62	63
62	1089
63	62
63	64
63	339
64	63
64	65
64	2220
339	63
339	338
339	341
339	36187
65	64
65	66
65	2155
65	2157
2220	64
2220	2219
2220	2221
66	65
66	67
66	68
66	2254
2155	65
2155	2156
2155	2254
2157	65
2157	2158
2157	2161
2157	2219
67	66
68	66
68	69
68	70
68	2251
2254	66
2254	2155
2254	2252
69	68
70	68
70	71
70	1052
70	2251
2251	68
2251	70
2251	2252
71	70
71	72
71	1049
1052	70
1052	1050
1052	2256
1052	2258
72	71
72	73
72	74
1049	71
1049	1048
1049	1050
73	72
74	72
74	75
74	76
75	74
1075	76
1075	1073
1075	1076
78	79
78	80
78	455
80	78
80	81
455	78
455	105
455	454
119	79
119	116
119	118
119	342
81	80
81	82
81	104
82	81
82	83
82	113
104	81
104	105
104	107
104	124
83	82
83	84
83	112
113	82
113	108
113	109
112	83
112	110
112	111
112	114
85	84
86	87
86	88
86	128
86	315
87	86
87	97
87	134
88	86
88	89
88	128
315	86
315	146
128	86
128	88
128	129
128	452
97	87
97	96
97	123
97	134
134	87
134	97
134	135
134	316
89	88
89	90
89	91
90	89
91	89
91	92
92	91
92	93
93	92
93	94
93	133
133	93
133	132
133	139
96	95
96	97
123	97
123	108
123	124
470	98
470	410
470	471
470	35881
35729	98
35729	35728
35729	35881
99	100
99	101
99	136
99	6790
100	99
100	103
100	137
100	6760
101	99
101	102
101	6771
101	6790
136	99
136	137
136	421
136	6792
136	6805
6790	99
6790	101
6790	6791
6790	6792
6790	6802
103	100
103	102
103	6713
103	6748
137	100
137	136
137	421
137	6764
6760	100
6760	6748
6760	6757
6760	6764
102	101
102	103
102	6733
102	6738
6771	101
6771	6738
6771	6772
6771	6791
6733	102
6733	6722
6733	6734
6733	6736
6738	102
6738	6736
6738	6737
6738	6765
6738	6771
6738	6772
6713	103
6713	6711
6713	6714
6713	6717
6713	6734
6748	103
6748	6747
6748	6759
6748	6760
105	104
105	106
105	455
107	104
107	106
107	124
107	135
124	104
124	107
124	123
106	105
106	107
106	135
106	151
135	106
135	107
135	134
135	316
151	106
151	150
151	152
151	454
109	108
109	111
109	113
111	109
111	110
111	112
114	112
115	116
115	117
115	120
115	169
116	115
116	119
116	122
117	115
117	118
117	169
117	454
120	115
120	121
120	170
120	171
169	115
169	117
169	152
122	116
122	121
122	36184
118	117
118	119
118	453
454	117
454	151
454	453
454	455
453	118
453	454
342	119
342	338
342	340
342	36185
121	120
121	122
121	171
170	120
171	120
171	121
171	172
171	1089
36184	122
125	126
125	127
125	176
125	355
125	383
126	125
126	127
126	176
126	354
127	125
127	126
127	353
127	443
355	125
355	381
176	125
176	126
176	153
176	155
383	125
383	381
383	384
383	37498
354	126
354	153
354	353
353	127
353	354
353	356
353	358
443	127
443	442
129	128
129	130
129	154
129	444
452	128
452	145
452	41762
130	129
130	131
130	132
130	154
154	129
154	130
154	153
154	356
444	129
444	359
444	36966
444	41761
131	130
132	130
132	133
132	138
138	132
138	139
138	155
139	133
139	138
139	387
316	134
316	135
316	150
421	136
421	137
421	6770
421	6793
6792	136
6792	6790
6792	6802
6792	6805
6805	136
6805	6792
6805	6793
6805	6797
6764	137
6764	6760
6764	6763
6764	6766
155	138
155	153
155	176
387	139
387	386
387	388
140	141
140	142
140	391
141	140
141	142
141	388
142	140
142	141
142	389
391	140
391	389
388	141
388	387
388	392
389	142
389	390
389	391
143	144
143	146
143	177
144	143
144	145
144	178
144	186
146	143
146	145
146	315
177	143
177	178
177	187
145	144
145	146
145	452
145	41763
178	144
178	177
178	186
186	144
186	178
186	187
41763	145
147	148
147	149
147	166
147	167
148	147
148	152
148	168
149	147
149	150
149	317
166	147
166	162
166	36963
167	147
152	148
152	151
152	169
168	148
150	149
150	151
150	316
317	149
317	303
317	318
153	154
153	155
153	176
153	354
356	154
356	353
356	357
356	359
156	157
156	158
156	1057
157	156
157	175
157	1093
158	156
158	159
158	1057
1057	156
1057	158
1057	1058
175	157
175	173
175	1093
1093	157
1093	175
1093	1070
159	158
159	160
159	1056
160	159
160	161
160	36965
1056	159
1056	303
1056	1055
161	160
161	162
161	36964
36965	160
162	161
162	163
162	166
36964	161
163	162
163	164
163	165
164	163
165	163
36963	166
172	171
172	173
172	1089
173	172
173	174
173	175
174	173
187	177
187	186
187	314
179	180
179	181
179	425
179	42066
180	179
180	183
180	379
180	434
181	179
181	182
181	426
181	35695
425	179
425	424
425	426
425	42066
42066	179
42066	425
42066	42067
42066	42074
183	180
183	182
183	380
183	422
379	180
379	380
379	435
434	180
434	435
434	460
434	42076
182	181
182	183
182	423
182	35699
35695	181
35695	35696
35695	35703
35695	35746
426	181
426	424
426	425
426	35746
423	182
423	422
423	35698
35699	182
380	183
380	379
380	469
35886	184
35886	35890
35886	35891
35886	35892
1198	185
1198	1199
1198	1205
1198	35895
314	187
314	312
314	41764
188	189
188	190
188	369
189	188
189	191
189	357
189	358
190	188
190	191
190	193
190	351
369	188
369	367
369	368
191	189
191	190
191	441
357	189
357	356
357	360
358	189
358	353
358	440
193	190
193	192
193	195
193	461
351	190
351	350
351	371
441	191
441	440
441	442
192	193
192	194
192	201
194	192
194	195
194	203
194	375
201	192
201	202
201	352
195	193
195	194
195	462
461	193
461	435
461	462
203	194
203	202
203	373
375	194
375	374
375	460
375	42079
462	195
462	461
196	197
196	198
196	7178
197	196
197	200
197	23401
198	196
198	199
198	15697
7178	196
7178	7176
7178	7179
200	197
200	199
23401	197
23401	503
23401	24015
199	198
199	200
15697	198
15697	7332
15697	15686
202	201
202	203
352	201
352	350
352	373
373	203
373	205
373	352
373	372
204	205
204	206
204	213
204	372
205	204
205	209
205	373
205	374
206	204
206	207
206	433
372	204
372	213
372	373
213	204
213	211
213	212
213	372
209	205
209	208
209	344
209	374
374	205
374	209
374	375
374	42079
207	206
207	208
207	432
433	206
208	207
208	209
208	344
208	432
432	207
432	208
432	260
432	343
344	208
344	209
344	343
210	211
210	212
210	235
211	210
211	213
211	350
211	371
212	210
212	213
212	227
212	230
235	210
235	236
235	41752
371	211
371	351
371	370
371	41755
350	211
350	351
350	352
230	212
230	229
230	260
230	261
227	212
227	226
227	234
214	215
214	216
214	309
215	214
215	216
215	312
216	214
216	215
216	308
309	214
309	310
309	311
312	215
312	313
312	314
308	216
308	307
308	36178
217	218
217	222
217	7925
218	217
218	219
218	7923
222	217
222	221
222	4895
222	4899
222	7926
7925	217
219	218
219	220
219	7922
7923	218
7923	7922
7923	7924
220	219
220	221
220	7931
7922	219
7922	7921
7922	7923
221	220
221	222
221	7901
221	7918
7931	220
7931	7932
7931	7937
7901	221
7901	7881
7901	7888
7901	7932
7918	221
7918	4895
7918	7882
7918	7887
4895	222
4895	4896
4895	7918
4899	222
4899	4898
4899	7926
7926	222
7926	4899
7926	7927
7926	43222
224	223
224	225
224	4109
224	4110
4113	223
4113	3940
4113	4110
3937	223
3937	3938
3937	3940
3937	4120
4109	224
4109	4100
4109	4114
4110	224
4110	4096
4110	4113
4114	225
4114	4099
4114	4109
4114	4117
4148	225
4148	4117
4148	4149
4148	4152
226	227
226	228
226	251
228	226
228	229
228	255
251	226
251	234
251	273
234	227
234	233
234	251
229	228
229	230
229	255
255	228
255	229
255	254
260	230
260	259
260	432
260	42078
261	230
231	232
231	233
231	289
232	231
232	236
232	245
233	231
233	234
233	273
233	276
289	231
289	276
289	288
236	232
236	235
236	250
245	232
245	244
245	246
245	247
273	233
273	251
273	274
273	275
276	233
276	277
276	278
276	289
41752	235
41752	41753
41752	41754
250	236
250	243
250	247
250	248
237	238
237	239
237	3930
238	237
238	239
238	241
238	3295
239	237
239	238
239	240
239	3271
239	3889
3930	237
3930	3889
3930	3931
241	238
241	240
241	3292
3295	238
3295	3296
3295	4080
240	239
240	241
240	3276
3271	239
3271	3272
3271	3888
3889	239
3889	3890
3889	3930
3276	240
3276	3275
3276	3277
3276	3292
3292	241
3292	3276
3292	3291
242	243
242	244
242	36178
243	242
243	248
243	250
244	242
244	245
244	36218
36178	242
36178	253
36178	308
248	243
248	247
248	249
248	250
36218	244
36218	36219
246	245
247	245
247	248
247	250
249	248
252	253
252	1159
253	252
253	36178
1159	252
1159	307
1159	1158
254	255
254	256
256	254
256	257
257	256
257	258
257	272
258	257
258	259
258	35850
258	42587
272	257
272	271
272	42587
259	258
259	260
259	35851
259	42078
35850	258
35850	35851
35850	36974
35850	42588
42587	258
42587	272
42587	42586
35851	259
35851	35850
35851	36974
35851	36975
42078	259
42078	260
42078	42077
262	263
262	264
262	549
263	262
263	278
263	288
263	550
264	262
264	265
264	267
549	262
549	548
278	263
278	276
278	279
288	263
288	289
288	36211
550	263
550	525
550	36210
265	264
265	266
267	264
267	268
267	1918
266	265
268	267
268	269
268	290
268	297
1918	267
1918	1919
1918	36987
269	268
269	270
269	42585
290	268
290	291
290	327
290	1920
297	268
297	296
297	42583
270	269
270	271
270	301
42585	269
271	270
271	272
271	301
301	270
301	271
301	42582
274	273
275	273
277	276
279	278
280	281
280	282
280	35769
281	280
281	285
281	42598
282	280
282	283
282	286
282	35773
35769	280
35769	35768
35769	35852
285	281
285	284
285	35845
285	35846
42598	281
42598	35841
42598	35854
42598	42600
283	282
283	284
283	286
286	282
286	283
286	287
286	35772
35773	282
284	283
284	285
284	287
284	35846
287	284
287	286
287	35775
287	35847
35846	284
35846	285
35846	35845
35846	35847
35845	285
35845	35844
35845	35846
35772	286
35772	35771
35775	287
35775	35774
35775	42570
35847	287
35847	35846
35847	35848
36211	288
36211	36212
36211	36215
291	290
291	292
291	327
327	290
327	291
327	1919
1920	290
292	291
292	293
292	480
293	292
293	294
293	480
293	35805
480	292
480	293
480	479
294	293
294	295
294	35795
294	35796
35805	293
295	294
295	296
35796	294
35796	35795
35796	35797
35796	35799
35795	294
35795	35770
35795	35796
296	295
296	297
296	42583
42583	296
42583	297
42583	42582
42583	42584
298	299
298	300
298	42582
299	298
299	300
299	42586
300	298
300	299
300	35863
42582	298
42582	301
42582	42583
42582	42586
42586	299
42586	42582
42586	42587
35863	300
35863	35768
35863	35770
35863	36974
302	303
302	304
302	305
303	302
303	317
303	1056
303	1092
304	302
305	302
305	306
305	1103
305	1156
1092	303
1092	1090
1092	1100
1092	1143
306	305
306	307
306	1158
1103	305
1103	1101
1103	1124
1156	305
1156	1157
1156	1165
307	306
307	308
307	1159
1158	306
1158	1157
1158	1159
310	309
311	309
313	312
41764	314
318	317
319	320
320	319
321	322
321	323
321	326
321	3481
322	321
322	324
322	325
322	3479
323	321
323	324
323	3430
323	3432
326	321
326	325
326	4173
326	4175
3481	321
3481	3434
3481	4173
324	322
324	323
324	3431
324	3475
325	322
325	326
325	3480
325	4175
325	4181
3479	322
3479	3475
3479	3480
3479	3482
3432	323
3432	3369
3432	3429
3432	3434
3430	323
3430	3415
3430	3427
3430	3431
3431	324
3431	3416
3431	3430
3431	3474
3475	324
3475	3474
3475	3476
3475	3479
3480	325
3480	3424
3480	3479
3480	4178
4175	325
4175	326
4175	4174
4175	4179
4181	325
4181	4178
4181	4179
4181	4182
4173	326
4173	3481
4173	4132
4173	4174
1919	327
1919	1918
1919	36979
1919	36980
328	329
328	330
328	40094
329	328
329	330
329	11435
330	328
330	329
330	12041
40094	328
11435	329
11435	11433
11435	11434
12041	330
12041	12022
12041	12058
331	332
331	333
331	386
332	331
332	333
332	35734
333	331
333	332
333	404
386	331
386	385
386	387
386	36967
35734	332
35734	35731
35734	35735
404	333
404	405
334	335
334	337
335	334
335	336
337	334
337	336
337	12138
336	335
336	337
336	12176
12176	336
12176	11433
12176	12175
12176	12202
12138	337
12138	12032
12138	12033
338	339
338	340
338	342
338	36186
340	338
340	341
340	342
36186	338
341	339
341	340
341	2202
36187	339
2202	341
36185	342
343	344
343	432
343	42082
42082	343
42082	42081
42082	42594
42082	42595
345	346
345	347
345	3294
346	345
346	349
346	3290
346	3291
346	3338
347	345
347	348
347	3285
347	3294
3294	345
3294	347
3294	3290
349	346
349	348
349	3338
349	3339
3290	346
3290	3293
3290	3294
3291	346
3291	3292
3291	3296
3338	346
3338	349
3338	3296
348	347
348	349
348	3319
3285	347
3285	3284
3285	3286
3285	3319
3319	348
3319	3285
3319	3314
3319	3339
3339	349
3339	3319
3339	3340
3339	3347
3339	36261
381	355
381	382
381	383
359	356
359	360
359	361
359	444
360	357
360	359
360	362
440	358
440	441
361	359
361	362
361	36966
362	360
362	361
362	363
362	41760
36966	361
36966	444
363	362
363	364
363	370
363	41759
41760	362
364	363
364	365
364	366
370	363
370	366
370	371
370	41758
41759	363
365	364
366	364
366	367
366	370
367	366
367	368
367	369
368	367
368	369
41758	370
41755	371
41755	41756
41755	41757
42079	374
42079	375
42079	460
42079	42597
460	375
460	434
460	42074
460	42079
376	377
376	378
376	16472
377	376
377	378
377	12226
377	12227
378	376
378	377
378	12230
378	12247
16472	376
16472	1176
16472	37523
12226	377
12226	12225
12226	16399
12227	377
12227	12228
12227	12229
12230	378
12230	12231
12247	378
12247	12248
12247	37522
435	379
435	434
435	461
382	381
382	392
382	393
392	382
392	388
392	393
393	382
393	392
384	383
384	385
384	468
37498	383
37498	468
468	384
468	442
468	37498
36967	386
390	389
394	395
394	396
394	7162
395	394
395	399
395	42094
396	394
396	397
396	7163
7162	394
7162	7163
7162	7184
7162	7186
399	395
399	398
399	457
42094	395
42094	457
42094	7184
42094	42329
397	396
397	398
397	3263
7163	396
7163	3263
7163	7162
7163	7186
398	397
398	399
398	3261
3263	397
3263	3264
3263	7163
3263	21184
3261	398
3261	3262
3261	20839
457	399
457	456
457	459
457	20849
457	41945
457	42094
400	401
400	403
400	592
401	400
401	402
401	41613
403	400
403	402
403	450
592	400
592	591
592	2661
402	401
402	403
402	445
41613	401
41613	2625
41613	42211
445	402
445	446
445	40748
450	403
450	449
450	451
405	404
405	410
405	411
410	405
410	411
410	470
410	472
411	405
411	410
411	36193
406	407
406	408
406	6024
407	406
407	409
407	6025
407	36209
408	406
408	409
408	6300
6024	406
6024	6025
6024	6048
409	407
409	408
409	5636
409	6301
6025	407
6025	6024
6025	6049
6025	36224
36209	407
36209	5636
36209	36224
6300	408
6300	6301
6300	6302
5636	409
5636	5637
5636	5638
5636	36209
6301	409
6301	5637
6301	6300
472	410
472	471
472	473
36193	411
36193	35717
412	413
412	414
412	683
413	412
413	418
413	755
413	7795
414	412
414	415
414	682
683	412
683	677
683	699
418	413
418	417
418	7794
755	413
755	756
755	758
755	7793
7795	413
7795	7792
7795	7794
415	414
415	416
415	682
682	414
682	415
682	681
416	415
416	417
416	1025
417	416
417	418
417	1024
417	7757
1025	416
1024	417
1024	1023
1024	7756
7757	417
7757	7755
7757	7756
7757	7794
7794	418
7794	7757
7794	7787
7794	7795
35698	419
35698	423
35698	35405
35698	35709
35709	420
35709	35698
35709	35710
6770	421
6770	6769
6770	6793
6793	421
6793	6770
6793	6794
6793	6798
6793	6805
37415	422
37415	469
424	425
424	426
424	427
427	424
427	35747
427	42052
35746	426
35746	35695
35746	35703
35747	427
35747	35748
35747	35749
35747	42058
42052	427
42052	42053
42052	42054
42052	42067
428	429
428	430
428	7190
428	40005
429	428
429	431
429	12629
429	40022
430	428
430	431
430	5927
430	5970
7190	428
7190	611
7190	7156
40005	428
40005	40006
431	429
431	430
431	5925
431	12629
12629	429
12629	431
12629	6855
40022	429
40022	40015
40022	40017
40022	40023
5927	430
5927	5928
5927	5929
5927	5971
5970	430
5970	5971
5970	7130
5925	431
5925	5926
42076	434
436	437
436	439
436	23898
437	436
437	438
437	33468
439	436
439	438
439	20655
439	23896
23898	436
23898	23897
23898	40853
438	437
438	439
438	15713
438	20655
33468	437
33468	33467
33468	33469
33468	39690
20655	438
20655	439
20655	23896
20655	39962
15713	438
15713	15712
15713	15714
15713	40848
23896	439
23896	20655
23896	23897
23896	39978
442	441
442	443
442	468
41761	444
446	445
446	447
446	2648
40748	445
40748	40749
40748	42208
447	446
447	448
447	2647
2648	446
2648	2649
2648	40749
448	447
448	449
2647	447
2647	2646
2647	2934
2647	2938
449	448
449	450
449	591
591	449
591	592
591	2652
451	450
41762	452
456	457
456	458
456	21970
458	456
458	459
458	20811
458	20812
458	21121
21970	456
21970	20869
21970	21969
459	457
459	458
459	21121
20849	457
20849	20848
20849	21969
41945	457
41945	21122
41945	41944
41945	42092
20811	458
20811	20813
20811	21122
20812	458
20812	20772
20812	20803
20812	20813
21121	458
21121	459
21121	21122
42074	460
42074	42066
42074	42073
42074	42596
463	464
463	467
463	20571
464	463
464	465
464	5314
464	5315
467	463
467	466
467	20718
467	25505
20571	463
20571	20572
20571	20576
20571	20725
465	464
465	466
465	40105
465	41916
5314	464
5314	5312
5314	42134
5315	464
5315	5313
5315	20576
466	465
466	467
466	41916
41916	465
41916	466
41916	41917
40105	465
40105	40104
40105	40110
20718	467
20718	20554
20718	20716
20718	20723
25505	467
25505	20534
25505	20554
25505	20556
471	470
471	472
35881	470
35881	35729
35881	35739
473	472
474	475
474	479
475	474
475	476
475	36979
475	1594983
479	474
479	478
479	480
476	475
476	477
476	36977
36979	475
36979	1919
36979	36986
1594983	475
1594983	1594984
1594983	1610675
477	476
477	478
36977	476
36977	36978
36977	1594985
478	477
478	479
478	35803
478	36976
35803	478
35803	35800
35803	35809
35803	35818
36976	478
36976	36978
481	482
481	507
482	481
482	483
482	5926
507	481
507	506
507	21548
483	482
483	484
483	4074
5926	482
5926	5805
5926	5925
484	483
484	485
484	4040
484	4074
4074	483
4074	484
4074	4041
4074	5937
485	484
485	486
4040	484
4040	4039
4040	4041
486	485
486	487
486	5809
487	486
487	488
487	489
5809	486
5809	4039
5809	5807
5809	5943
488	487
489	487
489	490
489	5808
490	489
490	491
490	5951
5808	489
5808	5807
5808	5951
491	490
491	492
491	4077
5951	490
5951	4077
5951	5808
5951	5948
492	491
492	493
492	4076
4077	491
4077	4075
4077	5951
4077	5954
493	492
493	494
493	7131
4076	492
4076	4075
4076	5813
494	493
494	495
494	7133
7131	493
7131	5813
7131	7132
7131	7152
495	494
495	496
495	7154
7133	494
7133	7132
7133	7154
496	495
496	497
496	7145
7154	495
7154	7133
7154	7153
7154	7161
7154	7206
497	496
497	498
497	7142
7145	496
7145	7142
7145	7146
7145	7207
498	497
498	499
7142	497
7142	499
7142	7141
7142	7145
499	498
499	500
499	7142
500	499
500	501
500	7141
501	500
501	502
501	7164
501	7165
501	23431
7141	500
7141	7142
7141	7144
7141	7165
502	501
502	503
502	7179
7164	501
7164	7165
7164	7166
7164	23431
7165	501
7165	7141
7165	7164
7165	7166
23431	501
23431	7164
23431	7180
503	502
503	504
503	23401
7179	502
7179	7178
7179	7180
504	503
504	505
504	4044
505	504
505	506
505	4044
505	24013
4044	504
4044	505
4044	24012
506	505
506	507
506	24012
24013	505
24013	24012
24012	506
24012	4044
24012	24013
21548	507
21548	21549
21548	24014
509	510
509	511
509	6685
510	509
510	513
510	6681
511	509
511	512
511	6684
511	6696
6685	509
6685	6679
6685	6684
6685	6699
513	510
513	512
513	6616
6681	510
6681	6621
6681	6679
6681	6682
512	511
512	513
512	6604
512	6683
6684	511
6684	6685
6684	6700
6684	6963
6696	511
6696	6683
6696	6700
6696	6953
6604	512
6604	6605
6604	6606
6604	6620
6683	512
6683	6620
6683	6696
6683	6893
6616	513
6616	6605
6616	6621
514	515
514	516
514	1119
514	5892
515	514
515	516
515	1120
516	514
516	515
516	5883
516	5884
516	5894
1119	514
1119	1118
1119	5890
1119	5896
5892	514
1120	515
1120	1118
1120	5902
5883	516
5883	5874
5883	5882
5883	5893
5884	516
5884	5862
5884	5874
5884	5894
5894	516
5894	5854
5894	5864
5894	5884
517	518
517	519
517	8146
518	517
518	520
518	8154
518	8155
519	517
519	520
519	8145
519	8153
8146	517
8146	8137
8146	8147
520	518
520	519
520	8153
520	8155
8154	518
8154	8147
8154	8156
8155	518
8155	520
8155	8152
8155	8157
8145	519
8145	8124
8145	8148
8145	8153
8153	519
8153	520
8153	8145
8153	8151
8153	8152
521	522
521	36982
521	36992
522	521
522	523
522	548
36982	521
36982	36983
36992	521
36992	36991
36992	36993
523	522
523	524
523	525
548	522
548	549
524	523
524	526
524	36201
525	523
525	526
525	550
526	524
526	525
526	1166
36201	524
36201	36200
36201	36202
1166	526
1166	1165
1166	1167
527	528
527	529
527	532
528	527
528	531
528	534
528	5432
529	527
529	530
529	5418
532	527
532	533
532	5444
532	5449
531	528
531	530
531	5421
531	5422
534	528
534	535
534	5433
534	5438
5432	528
5432	5421
5432	5433
530	529
530	531
530	5423
5418	529
5418	5368
5418	5417
5418	5424
5423	530
5423	5367
5423	5422
5423	5424
5422	531
5422	5423
5421	531
5421	5391
5421	5420
5421	5432
533	532
533	535
533	5450
5444	532
5444	5417
5444	5445
5444	5448
5449	532
5449	5450
535	533
535	534
535	5443
5450	533
5450	5449
5438	534
5438	5437
5438	5442
5438	7984
5433	534
5433	5431
5433	5432
5433	5436
5443	535
5443	5442
5443	5447
536	537
536	541
536	542
537	536
537	538
537	36981
541	536
541	540
541	36986
542	536
542	543
538	537
538	539
538	36985
538	1603443
36981	537
36981	543
539	538
539	540
539	1603442
36985	538
36985	36984
36985	1603443
1603443	538
1603443	36985
1603443	1603442
1603443	1607299
540	539
540	541
540	1594982
1603442	539
1603442	1603443
1603442	1607298
1594982	540
1594982	36986
1594982	1593601
36986	541
36986	36979
36986	1594982
543	542
543	36981
544	545
544	546
544	4371
544	4373
545	544
545	547
545	4481
546	544
546	547
4371	544
4371	4372
4371	4476
4371	4487
4373	544
4373	4372
4373	4481
4373	4485
547	545
547	546
4481	545
4481	4373
4481	4480
4481	4484
36210	550
551	552
551	553
551	559
552	551
552	555
552	556
553	551
553	554
553	36197
559	551
559	558
559	560
555	552
555	554
555	556
556	552
556	555
556	557
554	553
554	555
554	557
554	1189
36197	553
36197	36196
36197	36207
557	554
557	556
557	561
1189	554
1189	1187
1189	1190
561	557
561	568
558	559
558	560
558	2023
560	558
560	559
560	2025
560	37003
2023	558
2023	2024
2023	37015
2025	560
2025	2024
2025	37004
37003	560
37003	37004
37003	37005
568	561
568	573
562	563
562	566
562	567
563	562
563	564
563	37017
566	562
566	565
566	567
566	569
567	562
567	566
567	37020
564	563
564	565
564	37016
37017	563
37017	37018
37017	37019
565	564
565	566
565	569
37016	564
569	565
569	566
569	579
37020	567
573	568
573	577
579	569
579	578
570	571
570	572
571	570
571	589
572	570
572	574
589	571
589	578
574	572
574	580
577	573
577	575
580	574
580	587
575	576
575	577
576	575
576	588
588	576
588	590
578	579
578	589
587	580
587	590
581	582
581	583
581	22099
582	581
582	586
582	22099
583	581
583	584
583	22098
22099	581
22099	582
22099	21926
586	582
586	585
586	944
584	583
584	585
22098	583
22098	21927
22098	22151
585	584
585	586
585	944
585	22105
585	22107
585	22113
944	585
944	586
944	31944
22107	585
22107	22108
22107	22113
22105	585
22105	17398
22105	22106
22113	585
22113	22107
22113	22108
590	587
590	588
2652	591
2652	2575
2652	2653
2652	2935
2661	592
2661	2660
2661	2671
593	596
596	593
596	594
596	595
594	595
594	596
594	36021
595	594
595	596
595	36020
36021	594
36020	595
36020	36017
36020	36022
597	598
597	599
597	6851
597	7251
598	597
598	599
598	7066
599	597
599	598
599	6859
6851	597
6851	6007
6851	7261
7251	597
7251	7250
7251	7263
7066	598
7066	7068
7066	7263
7066	7351
6859	599
6859	6858
6859	7067
600	601
600	603
600	663
600	3470
601	600
601	602
601	3484
601	3498
603	600
603	602
603	664
663	600
663	665
663	3469
3470	600
3470	3469
3470	3473
3470	3494
602	601
602	603
602	3452
3484	601
3484	3452
3484	3478
3484	3497
3484	3498
3498	601
3498	3484
3498	3494
3498	3504
3452	602
3452	3453
3452	3484
664	603
664	665
664	3439
664	3451
604	605
604	606
604	676
604	36183
605	604
605	608
606	604
606	607
606	41826
676	604
676	675
676	695
676	36179
36183	604
36183	36179
36183	36182
36183	36190
608	605
608	607
608	675
607	606
607	608
607	673
41826	606
41826	41825
41826	41892
673	607
673	672
673	674
675	608
675	672
675	676
675	692
609	610
609	614
609	40021
610	609
610	611
610	6013
614	609
614	613
614	40010
40021	609
40021	40020
611	610
611	612
611	7188
611	7190
6013	610
6013	6012
6013	6014
612	611
612	613
612	40004
7188	611
7188	7189
7188	7192
613	612
613	614
613	40010
40004	612
40010	613
40010	614
40010	40009
615	616
615	617
615	1494580
616	615
616	624
616	661
617	615
617	618
1494580	615
1494580	661
1494580	1494584
624	616
624	623
624	662
661	616
661	662
661	109371
661	1494580
618	617
618	619
618	37031
619	618
619	620
619	36225
37031	618
37031	37030
37031	37033
37031	1494587
620	619
620	621
620	836
36225	619
36225	834
621	620
621	622
836	620
836	768
836	834
836	109373
622	621
622	623
623	622
623	624
662	624
662	661
662	109372
662	139985
625	626
625	648
625	12653
626	625
626	627
648	625
648	639
648	12794
12653	625
12653	12654
12653	12655
627	626
627	628
628	627
628	629
629	628
629	630
629	12608
630	629
630	631
12608	629
12608	12604
12608	12607
12608	42214
631	630
631	632
631	1094
632	631
632	633
1094	631
1094	633
1094	1095
633	632
633	634
633	1094
634	633
634	635
634	12593
635	634
635	636
635	12597
12593	634
12593	12594
12593	35973
636	635
636	637
636	12613
12597	635
12597	12596
12597	35971
637	636
637	638
637	36326
12613	636
12613	12610
12613	12612
638	637
638	639
638	12790
36326	637
36326	12612
639	638
639	640
639	648
639	12793
12790	638
12790	12791
12790	36327
640	639
640	641
640	647
12793	639
12793	12792
12793	12795
641	640
641	642
641	644
641	646
647	640
647	646
642	641
642	643
642	644
644	641
644	642
644	645
646	641
646	645
646	647
643	642
645	644
645	646
12794	648
12794	12796
12794	33767
649	650
649	651
649	654
650	649
650	651
650	41880
651	649
651	650
651	41885
654	649
654	652
654	653
654	41888
41880	650
41880	41881
41880	41882
41885	651
41885	41886
41885	41887
652	653
652	654
652	2085
653	652
653	654
653	41879
2085	652
2085	2082
2085	2084
41879	653
41888	654
655	656
655	657
656	655
656	660
656	9392
657	655
657	658
657	9387
657	9388
660	656
660	659
660	10016
9392	656
9392	9388
9392	9393
658	657
658	659
658	9395
9387	657
9387	9386
9387	9395
9388	657
9388	9366
9388	9392
659	658
659	660
659	10007
659	10015
9395	658
9395	9387
9395	9394
10007	659
10007	10006
10007	10008
10015	659
10015	10006
10015	10016
10016	660
10016	10015
10016	10017
109371	661
109371	109374
109371	1494585
109372	662
109372	109369
109372	109373
139985	662
139985	109363
139985	139986
665	663
665	664
665	3441
665	3465
3469	663
3469	3466
3469	3470
3439	664
3439	3437
3439	3438
3439	3441
3451	664
3451	3438
3451	3450
3451	3453
3465	665
3465	3460
3465	3466
3441	665
3441	3380
3441	3439
3441	3442
666	667
666	668
666	800
666	853
667	666
667	669
667	828
667	829
668	666
668	669
668	743
668	744
800	666
800	744
800	745
800	798
853	666
853	852
853	860
669	667
669	668
669	742
669	763
828	667
828	826
828	838
828	842
829	667
829	763
829	830
743	668
743	742
743	744
744	668
744	743
744	745
744	800
763	669
763	713
763	829
763	847
742	669
742	713
742	743
670	671
670	674
670	41890
670	109337
671	670
671	672
671	690
671	109344
674	670
674	673
674	41891
41890	670
41890	4414
109337	670
109337	109323
109337	109336
672	671
672	673
672	675
672	692
690	671
690	691
690	40819
690	109345
109344	671
109344	109343
109344	146896
692	672
692	675
692	691
692	694
41891	674
695	676
695	693
695	738
36179	676
36179	738
36179	36180
36179	36183
677	678
677	683
678	677
678	679
678	701
679	678
679	680
679	1998
701	678
701	700
701	752
680	679
680	681
680	2004
1998	679
1998	752
1998	1999
681	680
681	682
681	1015
2004	680
2004	1079
2004	3990
1015	681
1015	1016
1015	3990
699	683
699	700
699	748
684	685
684	686
684	10312
685	684
685	689
685	10233
686	684
686	687
686	10317
10312	684
10312	10313
689	685
689	688
689	10300
10233	685
10233	10221
10233	10234
687	686
687	688
687	10317
687	10318
10317	686
10317	687
10317	10315
688	687
688	689
688	10296
688	10298
10318	687
10318	10319
10318	10607
10318	10610
10298	688
10298	10299
10298	10319
10296	688
10296	10295
10296	10297
10300	689
10300	10237
10300	10295
691	690
691	692
691	37029
40819	690
40819	709
40819	40820
109345	690
109345	109346
109345	109359
37029	691
37029	37028
694	692
694	693
694	37028
693	694
693	695
693	739
739	693
739	720
739	738
739	740
37028	694
37028	37029
37028	40820
738	695
738	737
738	739
738	36179
696	697
696	698
696	712
697	696
697	698
697	711
698	696
698	697
712	696
712	707
712	708
711	697
711	706
711	40820
700	699
700	701
700	753
748	699
748	747
748	754
753	700
752	701
752	751
752	1998
702	703
702	704
702	705
703	702
703	709
703	715
703	109347
704	702
705	702
705	706
705	713
705	741
709	703
709	708
709	710
709	40819
715	703
715	716
109347	703
109347	109346
109347	146937
706	705
706	707
706	711
713	705
713	714
713	742
713	763
741	705
741	740
707	706
707	708
707	712
708	707
708	709
708	712
710	709
40820	711
40820	37028
40820	40819
40820	41823
714	713
714	717
714	844
717	714
717	716
717	843
844	714
844	843
844	870
716	715
716	717
843	717
843	844
843	109346
718	719
718	721
718	41823
719	718
719	720
719	740
721	718
721	720
721	41823
41823	718
41823	721
41823	40820
41823	41824
720	719
720	721
720	739
740	719
740	739
740	741
722	723
722	724
722	19815
723	722
723	726
723	19820
723	19821
723	20397
724	722
724	725
724	19831
724	19832
19815	722
19815	19812
19815	19813
19815	19816
726	723
726	725
726	16916
726	16917
19820	723
19820	19819
19820	20397
19821	723
19821	19822
19821	19827
19821	19828
20397	723
20397	19816
20397	19819
20397	19820
725	724
725	726
725	16917
19831	724
19831	16918
19831	19834
19832	724
19832	19833
16917	725
16917	726
16917	16918
16916	726
16916	16914
16916	19828
727	728
727	729
727	793
727	794
727	795
728	727
728	746
728	795
729	727
729	730
729	731
729	929
794	727
794	792
794	929
794	954
793	727
793	792
793	795
793	797
795	727
795	728
795	793
795	796
746	728
746	745
746	796
746	801
730	729
731	729
731	732
731	953
929	729
929	732
929	794
929	954
732	731
732	733
732	734
732	929
953	731
733	732
734	732
734	735
734	963
735	734
735	736
735	737
963	734
963	897
963	964
736	735
737	735
737	738
737	904
737	909
904	737
904	901
904	906
904	908
909	737
909	892
909	908
909	956
745	744
745	746
745	765
745	766
745	800
765	745
765	764
765	766
765	799
766	745
766	764
766	765
766	802
796	746
796	764
796	795
801	746
801	802
747	748
747	749
747	4896
747	7897
749	747
749	750
749	7878
7897	747
7897	7898
7897	7902
4896	747
4896	4895
4896	4897
754	748
754	761
754	4898
754	42389
750	749
750	751
750	7875
7878	749
7878	7875
7878	7879
751	750
751	752
751	7825
7875	750
7875	7826
7875	7877
7875	7878
7825	751
7825	7823
7825	7826
761	754
761	760
761	7874
4898	754
4898	4897
4898	4899
4898	7927
42389	754
756	755
756	757
758	755
758	759
758	7763
7793	755
7793	7791
7793	7792
757	756
759	758
759	760
759	7762
7763	758
7763	7764
7763	7790
760	759
760	761
760	7782
760	7872
7762	759
7762	7770
7762	7781
7782	760
7782	7781
7782	7866
7872	760
7872	7871
7874	761
7874	7688
7874	7871
762	10154
762	10156
10154	762
10154	10148
10154	10155
10156	762
10156	10149
10156	37362
847	763
847	846
847	848
764	765
764	766
764	796
799	765
802	766
802	801
767	768
767	769
767	833
767	37030
768	767
768	771
768	784
768	836
768	109368
769	767
769	770
769	782
833	767
833	834
833	835
37030	767
37030	37031
771	768
771	770
771	772
771	784
784	768
784	770
784	771
784	791
784	109367
109368	768
109368	109365
109368	109367
109368	109373
770	769
770	771
770	781
770	784
782	769
782	783
782	37032
781	770
781	779
781	785
781	826
772	771
773	774
773	775
773	876
774	773
774	783
774	1494590
775	773
775	776
775	837
876	773
876	874
876	875
783	774
783	782
783	41659
1494590	774
1494590	41659
1494590	1494591
776	775
776	777
776	839
837	775
837	838
837	872
837	875
777	776
777	778
777	779
839	776
778	777
779	777
779	780
779	781
780	779
785	781
785	786
785	832
826	781
826	827
826	828
37032	782
37032	37033
41659	783
41659	37033
41659	1494590
791	784
791	790
791	819
109367	784
109367	819
109367	109364
109367	109368
786	785
786	787
786	871
832	785
832	831
832	871
787	786
787	788
787	789
871	786
871	832
871	845
788	787
789	787
789	790
789	849
790	789
790	791
790	820
849	789
849	845
849	848
820	790
820	821
820	848
819	791
819	825
819	109367
792	793
792	794
792	862
792	955
862	792
862	797
862	861
862	960
955	792
955	954
955	960
955	965
797	793
797	798
797	857
797	862
954	794
954	929
954	955
954	962
798	797
798	800
798	859
857	797
857	858
857	859
859	798
859	857
803	804
803	805
804	803
804	818
804	900
804	903
805	803
805	806
805	913
805	985
818	804
818	817
818	899
818	901
900	804
900	901
900	902
903	804
903	902
903	987
903	1005
806	805
806	807
806	810
913	805
913	810
913	912
913	914
985	805
985	986
985	987
807	806
807	808
810	806
810	811
810	913
808	807
808	809
809	808
811	810
811	812
811	912
812	811
812	813
812	2195
912	811
912	913
912	917
912	918
813	812
813	814
813	2195
2195	812
2195	813
2195	2194
2195	41906
814	813
814	815
814	36188
815	814
815	816
815	36188
36188	814
36188	815
36188	883
36188	36194
816	815
816	817
816	890
817	816
817	818
817	889
890	816
890	889
890	891
889	817
889	890
889	891
899	818
899	898
899	36191
901	818
901	900
901	904
901	905
825	819
825	824
825	109364
821	820
821	822
821	869
848	820
848	847
848	849
848	869
822	821
822	823
822	868
869	821
869	848
869	868
823	822
823	824
823	868
868	822
868	823
868	869
824	823
824	825
824	867
867	824
867	870
109364	825
109364	109362
109364	109365
109364	109367
827	826
838	828
838	837
838	841
842	828
842	840
842	854
830	829
830	831
830	846
831	830
831	832
831	845
846	830
846	847
845	831
845	849
845	871
834	833
834	836
834	36225
835	833
109373	836
109373	109368
109373	109369
109373	109372
872	837
872	841
872	873
875	837
875	876
841	838
841	840
841	861
841	872
840	841
840	842
840	850
850	840
850	851
850	858
861	841
861	858
861	862
861	877
854	842
854	855
854	856
109346	843
109346	109345
109346	109347
109346	109361
870	844
870	867
851	850
851	852
851	43513
858	850
858	857
858	860
858	861
852	851
852	853
43513	851
43513	860
860	853
860	858
860	43513
855	854
856	854
877	861
877	873
877	36226
877	37036
960	862
960	955
960	971
960	36227
863	864
863	866
863	25183
863	25187
864	863
864	865
864	24581
864	24584
866	863
866	865
866	25557
866	42668
25183	863
25183	25181
25183	25261
25187	863
25187	25188
25187	25189
25187	42668
865	864
865	866
865	24572
865	42662
24584	864
24584	24583
24584	24875
24584	42662
24581	864
24581	24582
24581	25182
42662	865
42662	24584
42662	24864
42662	38152
24572	865
24572	24573
24572	24574
25557	866
25557	24573
25557	25177
25557	25577
42668	866
42668	25187
42668	25577
42668	42669
873	872
873	874
873	877
874	873
874	876
874	37038
874	1494595
37038	874
37038	37035
37038	37037
1494595	874
1494595	1494596
36226	877
36226	971
37036	877
37036	972
37036	37034
37036	37037
879	880
879	882
879	2199
879	4961
880	879
880	881
880	2191
880	2192
882	879
882	881
882	4968
2199	879
2199	2200
2199	4900
4961	879
4961	4900
4961	4962
881	880
881	882
881	2191
2191	880
2191	881
2191	1137
2191	4964
2192	880
2192	1018
2192	1019
2192	2193
4968	882
4968	4963
4968	37237
883	884
883	885
883	36188
883	36194
884	883
884	888
884	36189
885	883
885	886
885	2196
885	36195
36194	883
36194	36188
36194	36195
888	884
888	887
888	2198
36189	884
886	885
886	887
886	2196
36195	885
36195	36194
36195	41906
2196	885
2196	886
2196	2197
2196	41875
887	886
887	888
2198	888
2198	2197
2198	36190
891	889
891	890
891	898
898	891
898	899
898	36192
892	893
892	894
892	909
892	998
893	892
893	897
893	961
893	998
894	892
894	895
998	892
998	893
998	997
998	1001
897	893
897	896
897	963
961	893
961	962
961	994
961	999
895	894
895	896
896	895
896	897
36192	898
36191	899
36191	36182
902	900
902	903
902	907
902	959
905	901
905	906
905	36181
907	902
907	908
907	956
907	958
959	902
959	957
959	958
959	978
1005	903
1005	981
987	903
987	985
987	988
906	904
906	905
906	36180
908	904
908	907
908	909
36181	905
36181	36180
36181	36182
36180	906
36180	36179
36180	36181
956	907
956	909
956	997
956	1008
958	907
958	957
958	959
958	1006
910	911
910	35561
910	35570
911	910
911	35568
911	35579
35561	910
35561	35560
35561	35562
35570	910
35570	35571
35570	35580
35568	911
35568	35569
35568	35577
35579	911
35579	35578
35579	35580
917	912
917	916
917	925
917	2194
918	912
914	913
914	915
914	984
915	914
915	916
915	926
915	927
984	914
916	915
916	917
916	926
927	915
927	926
927	928
926	915
926	916
926	927
925	917
925	924
925	2194
925	41712
2194	917
2194	925
2194	2105
2194	2195
919	920
919	921
919	1036
919	1037
920	919
920	928
920	983
920	1036
921	919
921	922
921	1037
1037	919
1037	921
1037	977
1037	36253
1036	919
1036	920
1036	978
928	920
928	927
928	983
983	920
983	928
983	978
983	982
922	921
922	923
922	1002
923	922
923	924
923	1002
1002	922
1002	923
1002	41914
924	923
924	925
924	41712
924	41913
41712	924
41712	925
41712	2229
41712	41713
41913	924
41913	41647
41913	41650
41913	41914
930	931
930	932
930	934
930	37052
931	930
931	933
931	1026
932	930
932	933
932	940
932	41649
934	930
934	935
934	1014
37052	930
37052	37050
37052	37053
933	931
933	932
933	1027
1026	931
1026	945
1026	1027
940	932
940	939
940	41975
41649	932
41649	41646
41649	41650
41649	41976
1027	933
1027	1026
1027	1043
935	934
935	936
935	1014
1014	934
1014	935
1014	1038
936	935
936	937
936	949
936	1039
937	936
937	938
937	950
949	936
949	950
949	1039
949	1086
1039	936
1039	949
1039	1038
938	937
938	939
938	2250
950	937
950	949
950	2243
939	938
939	940
939	41976
2250	938
2250	2249
2250	41976
2250	41983
41976	939
41976	2250
41976	41649
41976	41982
41975	940
941	942
941	943
941	21594
941	21744
942	941
942	943
942	21553
943	941
943	942
943	21599
943	21744
21594	941
21594	21595
21594	21744
21744	941
21744	943
21744	21594
21744	21743
21744	21931
21553	942
21553	21552
21553	21556
21553	21598
21599	943
21599	21598
21599	21924
21599	21931
31944	944
31944	17397
31944	21907
31944	42356
945	946
945	947
945	1026
946	945
946	948
946	1040
946	37049
946	37053
946	37054
947	945
947	948
948	946
948	947
948	36253
948	41650
1040	946
1040	1041
1040	37048
37049	946
37049	37048
37049	37055
37053	946
37053	37052
37054	946
37054	37051
37054	37056
37054	1494770
36253	948
36253	1032
36253	1037
41650	948
41650	41647
41650	41649
41650	41913
1086	949
1086	1074
1086	1088
1086	38043
2243	950
2243	2244
2243	41992
951	952
951	23187
952	951
952	15690
23187	951
23187	23188
23187	23421
23187	41724
15690	952
15690	15589
15690	15689
962	954
962	961
962	967
965	955
965	966
965	970
965	1013
997	956
997	998
997	1001
1008	956
1008	1009
957	958
957	959
957	979
979	957
979	975
979	1011
1006	958
1006	1007
1006	1011
1006	1012
978	959
978	977
978	983
978	1036
971	960
971	969
971	36226
36227	960
994	961
994	967
994	996
999	961
999	996
999	1000
967	962
967	966
967	994
964	963
966	965
966	967
966	995
970	965
970	968
1013	965
1013	995
1013	36228
1013	37039
995	966
995	996
995	1013
995	1034
968	969
968	970
968	973
969	968
969	971
969	972
973	968
973	972
973	37041
972	969
972	973
972	37036
37041	973
974	975
974	976
974	41715
974	1494605
975	974
975	979
975	1012
975	1494608
976	974
976	977
976	36254
41715	974
41715	36256
41715	41714
1494605	974
1494605	1494762
1494605	1494763
1494605	1494764
1012	975
1012	1006
1012	37047
1012	1494604
1494608	975
1494608	1486991
1494608	1494763
1494608	1494769
977	976
977	978
977	1037
36254	976
36254	36255
1011	979
1011	1006
980	981
980	982
980	1004
981	980
981	988
981	1005
982	980
982	983
982	1003
1004	980
988	981
988	987
988	989
988	990
988	993
1003	982
986	985
989	988
990	988
990	991
990	992
993	988
991	990
992	990
996	994
996	995
996	999
996	1035
1034	995
1034	1035
1034	36230
1035	996
1035	1034
1035	40968
1001	997
1001	998
1001	1000
1000	999
1000	1001
1000	40969
40969	1000
40969	40970
40969	40971
41914	1002
41914	41913
41914	41915
1007	1006
1007	1010
1007	37043
1010	1007
1010	1009
1010	37045
37043	1007
37043	37044
1009	1008
1009	1010
1009	40968
40968	1009
40968	1035
37045	1010
37045	36230
37047	1012
37047	37044
1494604	1012
1494604	37046
1494604	1494606
1494604	1494607
36228	1013
36228	36229
37039	1013
37039	37040
37039	37046
37039	1494599
1038	1014
1038	1039
1038	1131
1038	41993
1016	1015
1016	1017
1016	1018
1016	1085
3990	1015
3990	1085
3990	2004
1017	1016
1018	1016
1018	1019
1018	1084
1018	2192
1085	1016
1085	1079
1085	1084
1085	3990
1019	1018
1019	1020
1019	2192
1084	1018
1084	1083
1084	1085
1020	1019
1020	1021
1020	1022
1021	1020
1022	1020
1022	1023
1022	2201
1022	7745
1022	7750
1023	1022
1023	1024
1023	7750
2201	1022
2201	2200
2201	4894
7745	1022
7745	4893
7745	7744
7745	7747
7750	1022
7750	1023
7750	7747
7750	7751
7750	7756
7756	1024
7756	7750
7756	7751
7756	7757
1043	1027
1028	1029
1028	1030
1028	18538
1029	1028
1029	1031
1029	18558
1029	18703
1030	1028
1030	1031
1030	18537
18538	1028
18538	18537
18538	18539
18538	18557
1031	1029
1031	1030
1031	18705
18703	1029
18703	18551
18703	18702
18703	38105
18558	1029
18558	18557
18558	18559
18537	1030
18537	18536
18537	18538
18705	1031
18705	18706
18705	38102
1032	1033
1032	36253
1033	1032
36230	1034
36230	36229
36230	37045
1131	1038
1131	1127
1131	1130
1131	41993
41993	1038
41993	1130
41993	1131
41993	1141
1041	1040
1041	1042
37048	1040
37048	37049
37048	37055
1042	1041
1042	36252
36252	1042
36252	36257
36252	41711
1044	1045
1044	1046
1044	1047
1044	1051
1045	1044
1045	1046
1045	2190
1046	1044
1046	1045
1046	2181
1051	1044
1051	1050
1051	2258
1047	1044
1047	1048
1047	2249
2190	1045
2190	2132
2190	41983
2181	1046
2181	2177
2181	2182
1048	1047
1048	1049
1048	1077
2249	1047
2249	2248
2249	2250
2249	41991
1077	1048
1077	1078
1077	1087
1050	1049
1050	1051
1050	1052
2258	1051
2258	1052
2256	1052
2256	2178
2256	2257
1053	1054
1053	1055
1053	1107
1054	1053
1054	1059
1054	1122
1055	1053
1055	1056
1055	1091
1107	1053
1107	1105
1107	1152
1059	1054
1059	1058
1059	1122
1122	1054
1122	1059
1122	1121
1091	1055
1091	1090
1091	1106
1058	1057
1058	1059
1058	1123
1123	1058
1060	1061
1060	1062
1060	23184
1060	23185
1061	1060
1061	1067
1061	41722
1062	1060
1062	1063
1062	23184
23184	1060
23184	1062
23184	23185
23184	23420
23185	1060
23185	23184
23185	23421
1067	1061
1067	1066
1067	1548998
41722	1061
41722	41723
41722	1548998
1063	1062
1063	1064
1063	24030
1063	24053
1064	1063
1064	1065
1064	41677
24030	1063
24030	24029
24030	24052
24053	1063
24053	24052
24053	24060
1065	1064
1065	1066
41677	1064
41677	41676
1066	1065
1066	1067
1066	1558615
1558615	1066
1558615	1556132
1558615	1556996
1548998	1067
1548998	41722
1548998	1555107
1548998	1556996
1096	1068
1096	1097
1096	1109
1116	1068
1116	1069
1116	1117
1116	37075
36235	1068
36235	36236
36235	37074
1070	1071
1070	1072
1070	1093
1070	1121
1121	1070
1121	1122
1121	1151
1121	36172
1098	1071
1098	1097
1098	1110
1110	1071
1110	1098
1110	1108
1073	1074
1073	1075
1073	1117
1074	1073
1074	1078
1074	1086
1117	1073
1117	1116
1117	38042
1078	1074
1078	1077
1078	1087
1076	1075
1087	1077
1087	1078
1087	1088
1087	41991
1079	1080
1079	1085
1079	2004
1080	1079
1080	1081
1080	2002
1081	1080
1081	1082
1081	2001
1081	7809
2002	1080
2002	2001
2002	2003
1082	1081
1082	1083
1082	1132
1082	7799
2001	1081
2001	2000
2001	2002
7809	1081
7809	7799
7809	7810
7809	7821
1083	1082
1083	1084
1083	1137
1132	1082
1132	1133
1132	7780
7799	1082
7799	7780
7799	7800
7799	7809
1137	1083
1137	1136
1137	2191
1137	4969
1088	1086
1088	1087
1088	41992
38043	1086
38043	1140
41991	1087
41991	2246
41991	2248
41991	2249
41992	1088
41992	2243
41992	2244
1090	1091
1090	1092
1090	1104
1104	1090
1104	1105
1104	1143
1106	1091
1100	1092
1100	1101
1100	1124
1143	1092
1143	1104
1143	1162
1143	1173
1095	1094
1097	1096
1097	1098
1097	1111
1109	1096
1109	1108
1109	1125
1111	1097
1101	1100
1101	1102
1101	1103
1124	1100
1124	1103
1124	1165
1102	1101
1105	1104
1105	1107
1105	1163
1163	1105
1163	1152
1163	1164
1152	1107
1152	1150
1152	1163
1108	1109
1108	1110
1108	1125
1125	1108
1125	1109
1125	36167
1125	36170
1112	1113
1112	1115
1112	25442